{
  "runs": 3,
  "median_s": 0.060761741,
  "mean_s":   0.060130264,
  "min_s":    0.058571688,
  "max_s":    0.061057362,
  "stddev_s": 0.001108668,
  "stddev_pct": 1.8438,
  "gflops_median": 35.3427,
  "gflops_mean":   35.7139,
  "gflops_min":    36.6642,
  "gflops_max":    35.1716,
  "all_times": [0.061057362,0.060761741,0.058571688]
}
