{
  "runs": 15,
  "median_s": 0.016040496,
  "mean_s":   0.016769119,
  "min_s":    0.015789405,
  "max_s":    0.027382014,
  "stddev_s": 0.002840663,
  "stddev_pct": 16.9398,
  "gflops_median": 133.8789,
  "gflops_mean":   128.0618,
  "gflops_min":    136.0079,
  "gflops_max":    78.4268,
  "all_times": [0.027382014,0.015967649,0.015852578,0.016065126,0.016040496,0.015811690,0.015956783,0.015882145,0.015952336,0.016416876,0.016049374,0.016059111,0.016089261,0.016221940,0.015789405]
}
