{
  "runs": 15,
  "median_s": 0.019366376,
  "mean_s":   0.019762727,
  "min_s":    0.017287052,
  "max_s":    0.036023070,
  "stddev_s": 0.004452886,
  "stddev_pct": 22.5317,
  "gflops_median": 110.8872,
  "gflops_mean":   108.6633,
  "gflops_min":    124.2250,
  "gflops_max":    59.6141,
  "all_times": [0.036023070,0.019505991,0.019739999,0.019517707,0.019516855,0.019687033,0.019397272,0.019366376,0.018891301,0.017754826,0.017473616,0.017287052,0.017364968,0.017421192,0.017493642]
}
