{
  "runs": 3,
  "median_s": 0.052521391,
  "mean_s":   0.052718335,
  "min_s":    0.052465210,
  "max_s":    0.053168405,
  "stddev_s": 0.000319073,
  "stddev_pct": 0.6052,
  "gflops_median": 40.8878,
  "gflops_mean":   40.7350,
  "gflops_min":    40.9316,
  "gflops_max":    40.3902,
  "all_times": [0.053168405,0.052465210,0.052521391]
}
